2.5
1
1
2
5.5
1
1.5
1
1
1
2.5
1.5
1
1.5
1
1.5
0.5
0.5
0.5
1.5
0.5
2
3
0.5
0.5
1
1
1
2
1
1.5
1
1
1
0.5
1.0
0.5
0.5
1
0.5
0.5
1
1.5
1
1
1
1
1
1.5
1.5
1
1.5
1.5
0.5
0.5
1
1
2
2.0
0.5
1.5
3
2
1.5
1
2
2
2.5
2
1
1
0.5
0.5
0.5
1
1
1
1.5
1
0.5
1.5
1
1
1
1
1.5
1
1
1
1.5
1
0.5
1
1
2
1.5
7
0.5
1.5
3.5
1.5
1
1
1
1
1
1.5
1.5
2
1.5
2
1.5
1.5
1.5
1.5
1
1.5
1
4
2
1.5
1.5
1.5
1
1.5
2
2.5
1.5
1.5
1.5
2
1.5
1
1
1.5
0.5
1
0.5
1.5
1
1
1.5
1.5
2
1.5
2.5
1.5
1.5
2
2
2
1
1
1.5
1
1
1.5
1.5
0.5
2
2
1
1
1
1.5
2.5
1.5
2
1.5
2
1
1.5
1
1.5
1.5
1.5
1
1.5
1
2
1
1
1
1
1
1
1
1
1.5
1
0.5
2
1
1
2
2
1.5
2
1
1.0
1
1
1.5
1
1
1.5
1
2
1.5
2
1
1.5
1
1.5
1.5
1
2
1
2
1
1
2
1.5
2
2
1
1
2
1.5
2.5
1
2.5
2
1
2
1.5
1
1
2
1.5
0.5
4
1
1
2
1
1.5
3
1
0.5
0.5
1
1
0.5
1.5
1
2
5.5
1.5
0.5
0.5
0.5
0.5
0.5
0.5
0.5
0.5
0.5
0.5
1.5
1.5
1
1
2
1
1
1.5
0.5
1
0.5
0.5
0.5
2
1.5
0.5
0.5
0.5
1.5
3
1
1.5
1
1
1.5
1.5
2.5
1
1.5
0.5
1
0.5
0.5
0.5
3
1.5
1
2.5
1
2
2
1
1.5
0.5
0.5
0.5
2
3
1.5
1
0.5
0.5
0.5
0.5
1
1
1
2
1.5
1
1.5
0.5
0.5
2
0.5
3
1
1.5
1.5
2.5
2
0.5
0.5
0.5
1.5
1
1.5
3
3.5
2.5
1
1.5
1.5
0.5
0.5
0.5
1.0
1.5
1
1
0.5
1.5
0.5
3
0.5
0.5
1
0.5
0.5
1
1
1
0.5
0.5
0.5
0.5
1
0.5
0.5
2.5
1.5
3
1
2.5
1.0
0.5
1.5
1
0.5
1
9.5
1
1
0.5
0.5
1
0.5
0.5
0.5
1.5
0.5
